CODE: 1 
NAME: gupy 
PRICE: 1236.500000 

CODE: 2 
NAME: xd 
PRICE: 1534.199951 

