CODE: 1 
NAME: khfd 
PRICE: 12.500000 

CODE: 2 
NAME: guir 
PRICE: 53.599998 

